       0 0.000000        0        0
23.474700 4704589172.849684        0        0
95.424900 4704589172.849684        1        1
95.427400 4704589172.849684        1        1
95.428000 4704589172.849684        2        2
95.429700 4704589172.849684        3        3
95.431400 4704589172.849684        4        4
95.432900 4704589172.849684        5        5
95.434000 4704589172.849684        6        6
95.435400 4704589172.849684        7        7
95.436800 4704589172.849684        8        8
97.608300 4704589172.849684        9        9
97.610900 4704589172.849684       10       10
97.614100 4704589172.849684       11       11
97.616700 4704589172.849684       12       12
97.619100 4704589172.849684       13       13
97.621700 4704589172.849684       14       14
97.624000 4704589172.849684       15       15
97.626200 4704589172.849684       16       16
97.740600 4704589172.849684       17       17
97.742600 4704589172.849684       18       18
97.755800 4704589172.849684       19       19
97.758900 4704589172.849684       20       20
102.227000 4704589172.849684       21       21
102.230000 4704589172.849684       22       22
102.232000 4704589172.849684       23       23
102.236000 4704589172.849684       24       24
102.239000 4704589172.849684       25       25
102.243000 4704589172.849684       26       26
102.246000 4704589172.849684       27       27
102.249000 4704589172.849684       28       28
102.462000 4704589172.849684       29       29
102.465000 4704589172.849684       30       30
102.468000 4704589172.849684       31       31
102.472000 4704589172.849684       32       32
102.476000 4704589172.849684       33       33
102.478000 4704589172.849684       34       34
102.487000 4704589172.849684       35       35
102.496000 4704589172.849684       36       36
102.590000 4704589172.849684       37       37
102.591000 4704589172.849684       38       38
112.843000 4704589172.849684       39       39
112.845000 4704589172.849684       40       40
112.848000 4704589172.849684       41       41
112.850000 4704589172.849684       42       42
112.852000 4704589172.849684       43       43
112.855000 4704589172.849684       44       44
112.858000 4704589172.849684       45       45
112.861000 4704589172.849684       46       46
113.062000 4704589172.849684       47       47
113.079000 4704589172.849684       48       48
113.084000 4704589172.849684       49       49
113.093000 4704589172.849684       50       50
113.095000 4704589172.849684       51       51
113.098000 4704589172.849684       52       52
113.107000 4704589172.849684       53       53
113.116000 4704589172.849684       54       54
113.309000 4704589172.849684       55       55
113.321000 4704589172.849684       56       56
113.324000 4704589172.849684       57       57
113.328000 4704589172.849684       58       58
113.341000 4704589172.849684       59       59
113.347000 4704589172.849684       60       60
113.350000 4704589172.849684       61       61
113.359000 4704589172.849684       62       62
113.458000 4704589172.849684       63       63
113.461000 4704589172.849684       64       64
113.462000 4704589172.849684       65       65
136.971000 4704589172.849684       66       66
136.983000 4704589172.849684       67       67
136.985000 4704589172.849684       68       68
136.988000 4704589172.849684       69       69
136.994000 4704589172.849684       70       70
136.997000 4704589172.849684       71       71
137.000000 4704589172.849684       72       72
137.003000 4704589172.849684       73       73
137.207000 4704589172.849684       74       74
137.220000 4704589172.849684       75       75
137.222000 4704589172.849684       76       76
137.225000 4704589172.849684       77       77
137.228000 4704589172.849684       78       78
137.232000 4704589172.849684       79       79
137.240000 4704589172.849684       80       80
137.249000 4704589172.849684       81       81
137.443000 4704589172.849684       82       82
137.449000 4704589172.849684       83       83
137.452000 4704589172.849684       84       84
137.471000 4704589172.849684       85       85
137.474000 4704589172.849684       86       86
137.480000 4704589172.849684       87       87
137.494000 4704589172.849684       88       88
137.500000 4704589172.849684       89       89
137.694000 4704589172.849684       90       90
137.697000 4704589172.849684       91       91
137.701000 4704589172.849684       92       92
137.714000 4704589172.849684       93       93
137.721000 4704589172.849684       94       94
137.726000 4704589172.849684       95       95
137.741000 4704589172.849684       96       96
137.746000 4704589172.849684       97       97
137.939000 4704589172.849684       98       98
137.946000 4704589172.849684       99       99
137.948000 4704589172.849684      100      100
137.961000 4704589172.849684      101      101
137.968000 4704589172.849684      102      102
137.970000 4704589172.849684      103      103
137.979000 4704589172.849684      104      104
137.980000 4704589172.849684      105      105
190.236000 4704589172.849684      106      106
190.239000 4704589172.849684      107      107
190.241000 4704589172.849684      108      108
190.246000 4704589172.849684      109      109
190.249000 4704589172.849684      110      110
190.252000 4704589172.849684      111      111
190.255000 4704589172.849684      112      112
190.258000 4704589172.849684      113      113
190.464000 4704589172.849684      114      114
190.467000 4704589172.849684      115      115
190.479000 4704589172.849684      116      116
190.482000 4704589172.849684      117      117
190.489000 4704589172.849684      118      118
190.503000 4704589172.849684      119      119
190.506000 4704589172.849684      120      120
190.509000 4704589172.849684      121      121
190.700000 4704589172.849684      122      122
190.714000 4704589172.849684      123      123
190.717000 4704589172.849684      124      124
190.725000 4704589172.849684      125      125
190.728000 4704589172.849684      126      126
190.730000 4704589172.849684      127      127
190.750000 4704589172.849684      128      128
190.759000 4704589172.849684      129      129
190.938000 4704589172.849684      130      130
190.948000 4704589172.849684      131      131
190.967000 4704589172.849684      132      132
190.969000 4704589172.849684      133      133
190.973000 4704589172.849684      134      134
190.977000 4704589172.849684      135      135
190.996000 4704589172.849684      136      136
191.006000 4704589172.849684      137      137
191.184000 4704589172.849684      138      138
191.198000 4704589172.849684      139      139
191.201000 4704589172.849684      140      140
191.211000 4704589172.849684      141      141
191.221000 4704589172.849684      142      142
191.224000 4704589172.849684      143      143
191.243000 4704589172.849684      144      144
191.252000 4704589172.849684      145      145
191.428000 4704589172.849684      146      146
191.438000 4704589172.849684      147      147
191.447000 4704589172.849684      148      148
191.458000 4704589172.849684      149      149
191.470000 4704589172.849684      150      150
191.472000 4704589172.849684      151      151
191.489000 4704589172.849684      152      152
191.499000 4704589172.849684      153      153
191.676000 4704589172.849684      154      154
191.683000 4704589172.849684      155      155
191.692000 4704589172.849684      156      156
191.700000 4704589172.849684      157      157
191.720000 4704589172.849684      158      158
191.723000 4704589172.849684      159      159
191.734000 4704589172.849684      160      160
191.737000 4704589172.849684      161      161
191.740000 4704589172.849684      161      161
191.858000 4704589172.849684      162      162
191.860000 4704589172.849684      163      163
191.862000 4704589172.849684      164      164
191.863000 4704589172.849684      165      165
198.551000 4704589172.849684      166      166
198.554000 4704589172.849684      167      167
198.556000 4704589172.849684      168      168
198.559000 4704589172.849684      169      169
198.561000 4704589172.849684      170      170
198.564000 4704589172.849684      171      171
198.567000 4704589172.849684      172      172
198.573000 4704589172.849684      173      173
198.786000 4704589172.849684      174      174
198.794000 4704589172.849684      175      175
198.801000 4704589172.849684      176      176
198.804000 4704589172.849684      177      177
198.809000 4704589172.849684      178      178
198.812000 4704589172.849684      179      179
198.817000 4704589172.849684      180      180
198.824000 4704589172.849684      181      181
199.032000 4704589172.849684      182      182
199.042000 4704589172.849684      183      183
199.049000 4704589172.849684      184      184
199.056000 4704589172.849684      185      185
199.059000 4704589172.849684      186      186
199.063000 4704589172.849684      187      187
199.066000 4704589172.849684      188      188
199.074000 4704589172.849684      189      189
199.286000 4704589172.849684      190      190
199.292000 4704589172.849684      191      191
199.297000 4704589172.849684      192      192
199.304000 4704589172.849684      193      193
199.307000 4704589172.849684      194      194
199.313000 4704589172.849684      195      195
199.315000 4704589172.849684      196      196
199.325000 4704589172.849684      197      197
199.532000 4704589172.849684      198      198
199.539000 4704589172.849684      199      199
199.541000 4704589172.849684      200      200
199.550000 4704589172.849684      201      201
199.553000 4704589172.849684      202      202
199.558000 4704589172.849684      203      203
199.574000 4704589172.849684      204      204
199.580000 4704589172.849684      205      205
199.779000 4704589172.849684      206      206
199.782000 4704589172.849684      207      207
199.790000 4704589172.849684      208      208
199.803000 4704589172.849684      209      209
199.806000 4704589172.849684      210      210
199.809000 4704589172.849684      211      211
199.819000 4704589172.849684      212      212
199.832000 4704589172.849684      213      213
200.028000 4704589172.849684      214      214
200.037000 4704589172.849684      215      215
200.039000 4704589172.849684      216      216
200.042000 4704589172.849684      217      217
200.052000 4704589172.849684      218      218
200.059000 4704589172.849684      219      219
200.062000 4704589172.849684      220      220
200.076000 4704589172.849684      221      221
200.201000 4704589172.849684      222      222
200.203000 4704589172.849684      223      223
200.207000 4704589172.849684      224      224
200.208000 4704589172.849684      225      225
202.227000 4704589172.849684      226      226
202.229000 4704589172.849684      227      227
202.232000 4704589172.849684      228      228
202.235000 4704589172.849684      229      229
202.238000 4704589172.849684      230      230
202.241000 4704589172.849684      231      231
202.244000 4704589172.849684      232      232
202.247000 4704589172.849684      233      233
202.460000 4704589172.849684      234      234
202.463000 4704589172.849684      235      235
202.466000 4704589172.849684      236      236
202.469000 4704589172.849684      237      237
202.484000 4704589172.849684      238      238
202.487000 4704589172.849684      239      239
202.490000 4704589172.849684      240      240
202.496000 4704589172.849684      241      241
202.716000 4704589172.849684      242      242
202.719000 4704589172.849684      243      243
202.723000 4704589172.849684      244      244
202.725000 4704589172.849684      245      245
202.729000 4704589172.849684      246      246
202.732000 4704589172.849684      247      247
202.739000 4704589172.849684      248      248
202.741000 4704589172.849684      249      249
202.946000 4704589172.849684      250      250
202.972000 4704589172.849684      251      251
202.975000 4704589172.849684      252      252
202.978000 4704589172.849684      253      253
202.981000 4704589172.849684      254      254
202.983000 4704589172.849684      255      255
202.986000 4704589172.849684      256      256
202.996000 4704589172.849684      257      257
203.180000 4704589172.849684      258      258
203.218000 4704589172.849684      259      259
203.221000 4704589172.849684      260      260
203.225000 4704589172.849684      261      261
203.228000 4704589172.849684      262      262
203.232000 4704589172.849684      263      263
203.235000 4704589172.849684      264      264
203.245000 4704589172.849684      265      265
203.431000 4704589172.849684      266      266
203.467000 4704589172.849684      267      267
203.470000 4704589172.849684      268      268
203.474000 4704589172.849684      269      269
203.477000 4704589172.849684      270      270
203.480000 4704589172.849684      271      271
203.486000 4704589172.849684      272      272
203.495000 4704589172.849684      273      273
203.672000 4704589172.849684      274      274
203.710000 4704589172.849684      275      275
203.721000 4704589172.849684      276      276
203.723000 4704589172.849684      277      277
203.729000 4704589172.849684      278      278
203.735000 4704589172.849684      279      279
203.738000 4704589172.849684      280      280
203.743000 4704589172.849684      281      281
203.845000 4704589172.849684      282      282
203.880000 4704589172.849684      283      283
203.882000 4704589172.849684      284      284
203.884000 4704589172.849684      285      285
205.996000 4704589172.849684      286      286
205.999000 4704589172.849684      287      287
206.001000 4704589172.849684      288      288
206.004000 4704589172.849684      289      289
206.007000 4704589172.849684      290      290
206.010000 4704589172.849684      291      291
206.012000 4704589172.849684      292      292
206.015000 4704589172.849684      293      293
206.212000 4704589172.849684      294      294
206.234000 4704589172.849684      295      295
206.237000 4704589172.849684      296      296
206.256000 4704589172.849684      297      297
206.258000 4704589172.849684      298      298
206.261000 4704589172.849684      299      299
206.264000 4704589172.849684      300      300
206.266000 4704589172.849684      301      301
206.459000 4704589172.849684      302      302
206.471000 4704589172.849684      303      303
206.482000 4704589172.849684      304      304
206.485000 4704589172.849684      305      305
206.507000 4704589172.849684      306      306
206.512000 4704589172.849684      307      307
206.514000 4704589172.849684      308      308
206.517000 4704589172.849684      309      309
206.706000 4704589172.849684      310      310
206.721000 4704589172.849684      311      311
206.725000 4704589172.849684      312      312
206.739000 4704589172.849684      313      313
206.749000 4704589172.849684      314      314
206.751000 4704589172.849684      315      315
206.761000 4704589172.849684      316      316
206.766000 4704589172.849684      317      317
206.954000 4704589172.849684      318      318
206.965000 4704589172.849684      319      319
206.973000 4704589172.849684      320      320
206.987000 4704589172.849684      321      321
207.003000 4704589172.849684      322      322
207.006000 4704589172.849684      323      323
207.009000 4704589172.849684      324      324
207.014000 4704589172.849684      325      325
207.202000 4704589172.849684      326      326
207.206000 4704589172.849684      327      327
207.210000 4704589172.849684      328      328
207.243000 4704589172.849684      329      329
207.246000 4704589172.849684      330      330
207.257000 4704589172.849684      331      331
207.260000 4704589172.849684      332      332
207.264000 4704589172.849684      333      333
207.452000 4704589172.849684      334      334
207.458000 4704589172.849684      335      335
207.461000 4704589172.849684      336      336
207.479000 4704589172.849684      337      337
207.494000 4704589172.849684      338      338
207.499000 4704589172.849684      339      339
207.509000 4704589172.849684      340      340
207.514000 4704589172.849684      341      341
207.628000 4704589172.849684      342      342
207.630000 4704589172.849684      343      343
207.634000 4704589172.849684      344      344
207.636000 4704589172.849684      345      345
209.780000 4704589172.849684      346      346
209.782000 4704589172.849684      347      347
209.785000 4704589172.849684      348      348
209.788000 4704589172.849684      349      349
209.792000 4704589172.849684      350      350
209.796000 4704589172.849684      351      351
209.799000 4704589172.849684      352      352
209.801000 4704589172.849684      353      353
210.001000 4704589172.849684      354      354
210.007000 4704589172.849684      355      355
210.019000 4704589172.849684      356      356
210.021000 4704589172.849684      357      357
210.025000 4704589172.849684      358      358
210.028000 4704589172.849684      359      359
210.044000 4704589172.849684      360      360
210.048000 4704589172.849684      361      361
210.238000 4704589172.849684      362      362
210.252000 4704589172.849684      363      363
210.255000 4704589172.849684      364      364
210.268000 4704589172.849684      365      365
210.273000 4704589172.849684      366      366
210.276000 4704589172.849684      367      367
210.306000 4704589172.849684      368      368
210.309000 4704589172.849684      369      369
210.479000 4704589172.849684      370      370
210.497000 4704589172.849684      371      371
210.502000 4704589172.849684      372      372
210.508000 4704589172.849684      373      373
210.516000 4704589172.849684      374      374
210.524000 4704589172.849684      375      375
210.535000 4704589172.849684      376      376
210.551000 4704589172.849684      377      377
210.727000 4704589172.849684      378      378
210.750000 4704589172.849684      379      379
210.753000 4704589172.849684      380      380
210.756000 4704589172.849684      381      381
210.765000 4704589172.849684      382      382
210.772000 4704589172.849684      383      383
210.781000 4704589172.849684      384      384
210.793000 4704589172.849684      385      385
210.968000 4704589172.849684      386      386
210.990000 4704589172.849684      387      387
210.994000 4704589172.849684      388      388
211.010000 4704589172.849684      389      389
211.014000 4704589172.849684      390      390
211.021000 4704589172.849684      391      391
211.028000 4704589172.849684      392      392
211.032000 4704589172.849684      393      393
211.218000 4704589172.849684      394      394
211.238000 4704589172.849684      395      395
211.245000 4704589172.849684      396      396
211.259000 4704589172.849684      397      397
211.264000 4704589172.849684      398      398
211.267000 4704589172.849684      399      399
211.278000 4704589172.849684      400      400
211.280000 4704589172.849684      401      401
211.404000 4704589172.849684      402      402
211.410000 4704589172.849684      403      403
211.412000 4704589172.849684      404      404
211.413000 4704589172.849684      405      405
213.559000 4704589172.849684      406      406
213.566000 4704589172.849684      407      407
213.569000 4704589172.849684      408      408
213.572000 4704589172.849684      409      409
213.575000 4704589172.849684      410      410
213.579000 4704589172.849684      411      411
213.582000 4704589172.849684      412      412
213.586000 4704589172.849684      413      413
213.797000 4704589172.849684      414      414
213.805000 4704589172.849684      415      415
213.807000 4704589172.849684      416      416
213.810000 4704589172.849684      417      417
213.813000 4704589172.849684      418      418
213.816000 4704589172.849684      419      419
213.819000 4704589172.849684      420      420
213.825000 4704589172.849684      421      421
214.039000 4704589172.849684      422      422
214.042000 4704589172.849684      423      423
214.046000 4704589172.849684      424      424
214.053000 4704589172.849684      425      425
214.063000 4704589172.849684      426      426
214.068000 4704589172.849684      427      427
214.071000 4704589172.849684      428      428
214.079000 4704589172.849684      429      429
214.275000 4704589172.849684      430      430
214.293000 4704589172.849684      431      431
214.296000 4704589172.849684      432      432
214.300000 4704589172.849684      433      433
214.307000 4704589172.849684      434      434
214.328000 4704589172.849684      435      435
214.330000 4704589172.849684      436      436
214.333000 4704589172.849684      437      437
214.524000 4704589172.849684      438      438
214.527000 4704589172.849684      439      439
214.541000 4704589172.849684      440      440
214.548000 4704589172.849684      441      441
214.551000 4704589172.849684      442      442
214.569000 4704589172.849684      443      443
214.572000 4704589172.849684      444      444
214.583000 4704589172.849684      445      445
214.772000 4704589172.849684      446      446
214.775000 4704589172.849684      447      447
214.792000 4704589172.849684      448      448
214.820000 4704589172.849684      449      449
214.822000 4704589172.849684      450      450
214.825000 4704589172.849684      451      451
214.827000 4704589172.849684      452      452
214.829000 4704589172.849684      453      453
215.007000 4704589172.849684      454      454
215.009000 4704589172.849684      455      455
215.067000 4704589172.849684      456      456
215.075000 4704589172.849684      457      457
215.077000 4704589172.849684      458      458
215.080000 4704589172.849684      459      459
215.083000 4704589172.849684      460      460
215.086000 4704589172.849684      461      461
215.177000 4704589172.849684      462      462
215.196000 4704589172.849684      463      463
215.214000 4704589172.849684      464      464
215.216000 4704589172.849684      465      465
217.434000 4704589172.849684      466      466
217.437000 4704589172.849684      467      467
217.440000 4704589172.849684      468      468
217.443000 4704589172.849684      469      469
217.447000 4704589172.849684      470      470
217.451000 4704589172.849684      471      471
217.454000 4704589172.849684      472      472
217.458000 4704589172.849684      473      473
217.663000 4704589172.849684      474      474
217.669000 4704589172.849684      475      475
217.682000 4704589172.849684      476      476
217.685000 4704589172.849684      477      477
217.688000 4704589172.849684      478      478
217.692000 4704589172.849684      479      479
217.696000 4704589172.849684      480      480
217.707000 4704589172.849684      481      481
217.905000 4704589172.849684      482      482
217.914000 4704589172.849684      483      483
217.920000 4704589172.849684      484      484
217.927000 4704589172.849684      485      485
217.930000 4704589172.849684      486      486
217.933000 4704589172.849684      487      487
217.943000 4704589172.849684      488      488
217.954000 4704589172.849684      489      489
218.152000 4704589172.849684      490      490
218.163000 4704589172.849684      491      491
218.168000 4704589172.849684      492      492
218.172000 4704589172.849684      493      493
218.175000 4704589172.849684      494      494
218.183000 4704589172.849684      495      495
218.189000 4704589172.849684      496      496
218.202000 4704589172.849684      497      497
218.400000 4704589172.849684      498      498
218.409000 4704589172.849684      499      499
218.415000 4704589172.849684      500      500
218.418000 4704589172.849684      501      501
218.427000 4704589172.849684      502      502
218.431000 4704589172.849684      503      503
218.433000 4704589172.849684      504      504
218.443000 4704589172.849684      505      505
218.650000 4704589172.849684      506      506
218.653000 4704589172.849684      507      507
218.660000 4704589172.849684      508      508
218.666000 4704589172.849684      509      509
218.677000 4704589172.849684      510      510
218.680000 4704589172.849684      511      511
218.682000 4704589172.849684      512      512
218.691000 4704589172.849684      513      513
218.892000 4704589172.849684      514      514
218.896000 4704589172.849684      515      515
218.910000 4704589172.849684      516      516
218.913000 4704589172.849684      517      517
218.929000 4704589172.849684      518      518
218.932000 4704589172.849684      519      519
218.935000 4704589172.849684      520      520
218.941000 4704589172.849684      521      521
219.069000 4704589172.849684      522      522
219.071000 4704589172.849684      523      523
219.073000 4704589172.849684      524      524
219.074000 4704589172.849684      525      525
221.810000 4704589172.849684      526      526
221.812000 4704589172.849684      527      527
221.815000 4704589172.849684      528      528
221.819000 4704589172.849684      529      529
221.822000 4704589172.849684      530      530
221.826000 4704589172.849684      531      531
221.829000 4704589172.849684      532      532
221.832000 4704589172.849684      533      533
222.038000 4704589172.849684      534      534
222.042000 4704589172.849684      535      535
222.048000 4704589172.849684      536      536
222.051000 4704589172.849684      537      537
222.054000 4704589172.849684      538      538
222.057000 4704589172.849684      539      539
222.061000 4704589172.849684      540      540
222.080000 4704589172.849684      541      541
222.281000 4704589172.849684      542      542
222.297000 4704589172.849684      543      543
222.300000 4704589172.849684      544      544
222.303000 4704589172.849684      545      545
222.306000 4704589172.849684      546      546
222.309000 4704589172.849684      547      547
222.312000 4704589172.849684      548      548
222.327000 4704589172.849684      549      549
222.530000 4704589172.849684      550      550
222.533000 4704589172.849684      551      551
222.536000 4704589172.849684      552      552
222.542000 4704589172.849684      553      553
222.546000 4704589172.849684      554      554
222.554000 4704589172.849684      555      555
222.561000 4704589172.849684      556      556
222.568000 4704589172.849684      557      557
222.773000 4704589172.849684      558      558
222.776000 4704589172.849684      559      559
222.786000 4704589172.849684      560      560
222.790000 4704589172.849684      561      561
222.793000 4704589172.849684      562      562
222.796000 4704589172.849684      563      563
222.808000 4704589172.849684      564      564
222.816000 4704589172.849684      565      565
223.022000 4704589172.849684      566      566
223.025000 4704589172.849684      567      567
223.028000 4704589172.849684      568      568
223.039000 4704589172.849684      569      569
223.042000 4704589172.849684      570      570
223.046000 4704589172.849684      571      571
223.054000 4704589172.849684      572      572
223.062000 4704589172.849684      573      573
223.258000 4704589172.849684      574      574
223.270000 4704589172.849684      575      575
223.273000 4704589172.849684      576      576
223.278000 4704589172.849684      577      577
223.286000 4704589172.849684      578      578
223.299000 4704589172.849684      579      579
223.302000 4704589172.849684      580      580
223.308000 4704589172.849684      581      581
223.429000 4704589172.849684      582      582
223.434000 4704589172.849684      583      583
223.435000 4704589172.849684      584      584
223.437000 4704589172.849684      585      585
226.048000 4704589172.849684      586      586
226.054000 4704589172.849684      587      587
226.056000 4704589172.849684      588      588
226.059000 4704589172.849684      589      589
226.061000 4704589172.849684      590      590
226.064000 4704589172.849684      591      591
226.067000 4704589172.849684      592      592
226.071000 4704589172.849684      593      593
226.304000 4704589172.849684      594      594
226.306000 4704589172.849684      595      595
226.309000 4704589172.849684      596      596
226.312000 4704589172.849684      597      597
226.315000 4704589172.849684      598      598
226.319000 4704589172.849684      599      599
226.321000 4704589172.849684      600      600
226.325000 4704589172.849684      601      601
226.518000 4704589172.849684      602      602
226.541000 4704589172.849684      603      603
226.549000 4704589172.849684      604      604
226.552000 4704589172.849684      605      605
226.555000 4704589172.849684      606      606
226.561000 4704589172.849684      607      607
226.572000 4704589172.849684      608      608
226.574000 4704589172.849684      609      609
226.762000 4704589172.849684      610      610
226.794000 4704589172.849684      611      611
226.797000 4704589172.849684      612      612
226.800000 4704589172.849684      613      613
226.804000 4704589172.849684      614      614
226.807000 4704589172.849684      615      615
226.821000 4704589172.849684      616      616
226.827000 4704589172.849684      617      617
227.004000 4704589172.849684      618      618
227.038000 4704589172.849684      619      619
227.041000 4704589172.849684      620      620
227.054000 4704589172.849684      621      621
227.057000 4704589172.849684      622      622
227.060000 4704589172.849684      623      623
227.071000 4704589172.849684      624      624
227.075000 4704589172.849684      625      625
227.239000 4704589172.849684      626      626
227.263000 4704589172.849684      627      627
227.286000 4704589172.849684      628      628
227.290000 4704589172.849684      629      629
227.293000 4704589172.849684      630      630
227.308000 4704589172.849684      631      631
227.318000 4704589172.849684      632      632
227.321000 4704589172.849684      633      633
227.485000 4704589172.849684      634      634
227.509000 4704589172.849684      635      635
227.534000 4704589172.849684      636      636
227.536000 4704589172.849684      637      637
227.541000 4704589172.849684      638      638
227.554000 4704589172.849684      639      639
227.563000 4704589172.849684      640      640
227.565000 4704589172.849684      641      641
227.658000 4704589172.849684      642      642
227.688000 4704589172.849684      643      643
227.690000 4704589172.849684      644      644
227.696000 4704589172.849684      645      645
230.382000 4704589172.849684      646      646
230.385000 4704589172.849684      647      647
230.387000 4704589172.849684      648      648
230.389000 4704589172.849684      649      649
230.392000 4704589172.849684      650      650
230.396000 4704589172.849684      651      651
230.400000 4704589172.849684      652      652
230.403000 4704589172.849684      653      653
230.631000 4704589172.849684      654      654
230.633000 4704589172.849684      655      655
230.636000 4704589172.849684      656      656
230.640000 4704589172.849684      657      657
230.643000 4704589172.849684      658      658
230.645000 4704589172.849684      659      659
230.649000 4704589172.849684      660      660
230.654000 4704589172.849684      661      661
230.857000 4704589172.849684      662      662
230.863000 4704589172.849684      663      663
230.871000 4704589172.849684      664      664
230.874000 4704589172.849684      665      665
230.891000 4704589172.849684      666      666
230.894000 4704589172.849684      667      667
230.897000 4704589172.849684      668      668
230.900000 4704589172.849684      669      669
231.097000 4704589172.849684      670      670
231.103000 4704589172.849684      671      671
231.115000 4704589172.849684      672      672
231.123000 4704589172.849684      673      673
231.131000 4704589172.849684      674      674
231.134000 4704589172.849684      675      675
231.145000 4704589172.849684      676      676
231.148000 4704589172.849684      677      677
231.336000 4704589172.849684      678      678
231.351000 4704589172.849684      679      679
231.354000 4704589172.849684      680      680
231.371000 4704589172.849684      681      681
231.374000 4704589172.849684      682      682
231.381000 4704589172.849684      683      683
231.384000 4704589172.849684      684      684
231.395000 4704589172.849684      685      685
231.583000 4704589172.849684      686      686
231.599000 4704589172.849684      687      687
231.602000 4704589172.849684      688      688
231.619000 4704589172.849684      689      689
231.621000 4704589172.849684      690      690
231.625000 4704589172.849684      691      691
231.631000 4704589172.849684      692      692
231.643000 4704589172.849684      693      693
231.825000 4704589172.849684      694      694
231.832000 4704589172.849684      695      695
231.837000 4704589172.849684      696      696
231.860000 4704589172.849684      697      697
231.871000 4704589172.849684      698      698
231.874000 4704589172.849684      699      699
231.877000 4704589172.849684      700      700
231.883000 4704589172.849684      701      701
232.007000 4704589172.849684      702      702
232.008000 4704589172.849684      703      703
232.010000 4704589172.849684      704      704
232.012000 4704589172.849684      705      705
235.357000 4704589172.849684      706      706
235.359000 4704589172.849684      707      707
235.363000 4704589172.849684      708      708
235.371000 4704589172.849684      709      709
235.374000 4704589172.849684      710      710
235.377000 4704589172.849684      711      711
235.380000 4704589172.849684      712      712
235.384000 4704589172.849684      713      713
235.592000 4704589172.849684      714      714
235.605000 4704589172.849684      715      715
235.610000 4704589172.849684      716      716
235.617000 4704589172.849684      717      717
235.619000 4704589172.849684      718      718
235.622000 4704589172.849684      719      719
235.625000 4704589172.849684      720      720
235.628000 4704589172.849684      721      721
235.840000 4704589172.849684      722      722
235.842000 4704589172.849684      723      723
235.849000 4704589172.849684      724      724
235.852000 4704589172.849684      725      725
235.860000 4704589172.849684      726      726
235.863000 4704589172.849684      727      727
235.865000 4704589172.849684      728      728
235.874000 4704589172.849684      729      729
236.086000 4704589172.849684      730      730
236.089000 4704589172.849684      731      731
236.092000 4704589172.849684      732      732
236.096000 4704589172.849684      733      733
236.099000 4704589172.849684      734      734
236.113000 4704589172.849684      735      735
236.116000 4704589172.849684      736      736
236.121000 4704589172.849684      737      737
236.328000 4704589172.849684      738      738
236.331000 4704589172.849684      739      739
236.334000 4704589172.849684      740      740
236.345000 4704589172.849684      741      741
236.348000 4704589172.849684      742      742
236.364000 4704589172.849684      743      743
236.370000 4704589172.849684      744      744
236.372000 4704589172.849684      745      745
236.566000 4704589172.849684      746      746
236.577000 4704589172.849684      747      747
236.583000 4704589172.849684      748      748
236.586000 4704589172.849684      749      749
236.598000 4704589172.849684      750      750
236.614000 4704589172.849684      751      751
236.619000 4704589172.849684      752      752
236.622000 4704589172.849684      753      753
236.804000 4704589172.849684      754      754
236.829000 4704589172.849684      755      755
236.835000 4704589172.849684      756      756
236.839000 4704589172.849684      757      757
236.851000 4704589172.849684      758      758
236.854000 4704589172.849684      759      759
236.867000 4704589172.849684      760      760
236.870000 4704589172.849684      761      761
236.972000 4704589172.849684      762      762
236.977000 4704589172.849684      763      763
236.987000 4704589172.849684      764      764
236.989000 4704589172.849684      765      765
239.948000 4704589172.849684      766      766
239.950000 4704589172.849684      767      767
239.953000 4704589172.849684      768      768
239.957000 4704589172.849684      769      769
239.959000 4704589172.849684      770      770
239.962000 4704589172.849684      771      771
239.966000 4704589172.849684      772      772
239.969000 4704589172.849684      773      773
240.181000 4704589172.849684      774      774
240.184000 4704589172.849684      775      775
240.187000 4704589172.849684      776      776
240.202000 4704589172.849684      777      777
240.204000 4704589172.849684      778      778
240.208000 4704589172.849684      779      779
240.211000 4704589172.849684      780      780
240.218000 4704589172.849684      781      781
240.412000 4704589172.849684      782      782
240.425000 4704589172.849684      783      783
240.440000 4704589172.849684      784      784
240.445000 4704589172.849684      785      785
240.447000 4704589172.849684      786      786
240.451000 4704589172.849684      787      787
240.460000 4704589172.849684      788      788
240.466000 4704589172.849684      789      789
240.656000 4704589172.849684      790      790
240.667000 4704589172.849684      791      791
240.679000 4704589172.849684      792      792
240.681000 4704589172.849684      793      793
240.698000 4704589172.849684      794      794
240.701000 4704589172.849684      795      795
240.709000 4704589172.849684      796      796
240.711000 4704589172.849684      797      797
240.905000 4704589172.849684      798      798
240.917000 4704589172.849684      799      799
240.919000 4704589172.849684      800      800
240.931000 4704589172.849684      801      801
240.936000 4704589172.849684      802      802
240.943000 4704589172.849684      803      803
240.967000 4704589172.849684      804      804
240.970000 4704589172.849684      805      805
241.154000 4704589172.849684      806      806
241.167000 4704589172.849684      807      807
241.170000 4704589172.849684      808      808
241.173000 4704589172.849684      809      809
241.185000 4704589172.849684      810      810
241.190000 4704589172.849684      811      811
241.200000 4704589172.849684      812      812
241.212000 4704589172.849684      813      813
241.403000 4704589172.849684      814      814
241.415000 4704589172.849684      815      815
241.422000 4704589172.849684      816      816
241.425000 4704589172.849684      817      817
241.434000 4704589172.849684      818      818
241.437000 4704589172.849684      819      819
241.447000 4704589172.849684      820      820
241.456000 4704589172.849684      821      821
241.553000 4704589172.849684      822      822
241.585000 4704589172.849684      823      823
241.587000 4704589172.849684      824      824
241.588000 4704589172.849684      825      825
245.043000 4704589172.849684      826      826
245.046000 4704589172.849684      827      827
245.049000 4704589172.849684      828      828
245.052000 4704589172.849684      829      829
245.055000 4704589172.849684      830      830
245.058000 4704589172.849684      831      831
245.061000 4704589172.849684      832      832
245.065000 4704589172.849684      833      833
245.271000 4704589172.849684      834      834
245.274000 4704589172.849684      835      835
245.280000 4704589172.849684      836      836
245.287000 4704589172.849684      837      837
245.290000 4704589172.849684      838      838
245.292000 4704589172.849684      839      839
245.295000 4704589172.849684      840      840
245.305000 4704589172.849684      841      841
245.514000 4704589172.849684      842      842
245.516000 4704589172.849684      843      843
245.520000 4704589172.849684      844      844
245.529000 4704589172.849684      845      845
245.532000 4704589172.849684      846      846
245.543000 4704589172.849684      847      847
245.546000 4704589172.849684      848      848
245.552000 4704589172.849684      849      849
245.750000 4704589172.849684      850      850
245.768000 4704589172.849684      851      851
245.771000 4704589172.849684      852      852
245.774000 4704589172.849684      853      853
245.777000 4704589172.849684      854      854
245.785000 4704589172.849684      855      855
245.794000 4704589172.849684      856      856
245.799000 4704589172.849684      857      857
245.998000 4704589172.849684      858      858
246.018000 4704589172.849684      859      859
246.021000 4704589172.849684      860      860
246.025000 4704589172.849684      861      861
246.029000 4704589172.849684      862      862
246.032000 4704589172.849684      863      863
246.042000 4704589172.849684      864      864
246.045000 4704589172.849684      865      865
246.247000 4704589172.849684      866      866
246.250000 4704589172.849684      867      867
246.260000 4704589172.849684      868      868
246.263000 4704589172.849684      869      869
246.276000 4704589172.849684      870      870
246.278000 4704589172.849684      871      871
246.291000 4704589172.849684      872      872
246.294000 4704589172.849684      873      873
246.498000 4704589172.849684      874      874
246.501000 4704589172.849684      875      875
246.504000 4704589172.849684      876      876
246.508000 4704589172.849684      877      877
246.514000 4704589172.849684      878      878
246.531000 4704589172.849684      879      879
246.534000 4704589172.849684      880      880
246.537000 4704589172.849684      881      881
246.674000 4704589172.849684      882      882
246.676000 4704589172.849684      883      883
246.678000 4704589172.849684      884      884
246.679000 4704589172.849684      885      885
250.267000 4704589172.849684      886      886
250.273000 4704589172.849684      887      887
250.282000 4704589172.849684      888      888
250.284000 4704589172.849684      889      889
250.287000 4704589172.849684      890      890
250.290000 4704589172.849684      891      891
250.294000 4704589172.849684      892      892
250.297000 4704589172.849684      893      893
250.495000 4704589172.849684      894      894
250.519000 4704589172.849684      895      895
250.522000 4704589172.849684      896      896
250.525000 4704589172.849684      897      897
250.528000 4704589172.849684      898      898
250.532000 4704589172.849684      899      899
250.535000 4704589172.849684      900      900
250.545000 4704589172.849684      901      901
250.739000 4704589172.849684      902      902
250.754000 4704589172.849684      903      903
250.757000 4704589172.849684      904      904
250.774000 4704589172.849684      905      905
250.779000 4704589172.849684      906      906
250.781000 4704589172.849684      907      907
250.784000 4704589172.849684      908      908
250.792000 4704589172.849684      909      909
250.985000 4704589172.849684      910      910
251.002000 4704589172.849684      911      911
251.006000 4704589172.849684      912      912
251.014000 4704589172.849684      913      913
251.017000 4704589172.849684      914      914
251.028000 4704589172.849684      915      915
251.030000 4704589172.849684      916      916
251.039000 4704589172.849684      917      917
251.234000 4704589172.849684      918      918
251.250000 4704589172.849684      919      919
251.253000 4704589172.849684      920      920
251.262000 4704589172.849684      921      921
251.265000 4704589172.849684      922      922
251.270000 4704589172.849684      923      923
251.273000 4704589172.849684      924      924
251.290000 4704589172.849684      925      925
251.478000 4704589172.849684      926      926
251.488000 4704589172.849684      927      927
251.502000 4704589172.849684      928      928
251.510000 4704589172.849684      929      929
251.514000 4704589172.849684      930      930
251.518000 4704589172.849684      931      931
251.521000 4704589172.849684      932      932
251.536000 4704589172.849684      933      933
251.726000 4704589172.849684      934      934
251.734000 4704589172.849684      935      935
251.745000 4704589172.849684      936      936
251.752000 4704589172.849684      937      937
251.762000 4704589172.849684      938      938
251.766000 4704589172.849684      939      939
251.769000 4704589172.849684      940      940
251.784000 4704589172.849684      941      941
251.890000 4704589172.849684      942      942
251.892000 4704589172.849684      943      943
251.894000 4704589172.849684      944      944
251.899000 4704589172.849684      945      945
255.311000 4704589172.849684      946      946
255.315000 4704589172.849684      947      947
255.318000 4704589172.849684      948      948
255.321000 4704589172.849684      949      949
255.324000 4704589172.849684      950      950
255.327000 4704589172.849684      951      951
255.330000 4704589172.849684      952      952
255.333000 4704589172.849684      953      953
255.543000 4704589172.849684      954      954
255.546000 4704589172.849684      955      955
255.559000 4704589172.849684      956      956
255.562000 4704589172.849684      957      957
255.565000 4704589172.849684      958      958
255.572000 4704589172.849684      959      959
255.580000 4704589172.849684      960      960
255.582000 4704589172.849684      961      961
255.788000 4704589172.849684      962      962
255.791000 4704589172.849684      963      963
255.794000 4704589172.849684      964      964
255.807000 4704589172.849684      965      965
255.811000 4704589172.849684      966      966
255.820000 4704589172.849684      967      967
255.823000 4704589172.849684      968      968
255.829000 4704589172.849684      969      969
256.031000 4704589172.849684      970      970
256.039000 4704589172.849684      971      971
256.044000 4704589172.849684      972      972
256.050000 4704589172.849684      973      973
256.057000 4704589172.849684      974      974
256.060000 4704589172.849684      975      975
256.072000 4704589172.849684      976      976
256.076000 4704589172.849684      977      977
256.277000 4704589172.849684      978      978
256.287000 4704589172.849684      979      979
256.293000 4704589172.849684      980      980
256.302000 4704589172.849684      981      981
256.305000 4704589172.849684      982      982
256.308000 4704589172.849684      983      983
256.313000 4704589172.849684      984      984
256.323000 4704589172.849684      985      985
256.519000 4704589172.849684      986      986
256.526000 4704589172.849684      987      987
256.529000 4704589172.849684      988      988
256.557000 4704589172.849684      989      989
256.559000 4704589172.849684      990      990
256.562000 4704589172.849684      991      991
256.565000 4704589172.849684      992      992
256.570000 4704589172.849684      993      993
256.767000 4704589172.849684      994      994
256.770000 4704589172.849684      995      995
256.773000 4704589172.849684      996      996
256.786000 4704589172.849684      997      997
256.794000 4704589172.849684      998      998
256.813000 4704589172.849684      999      999
256.816000 4704589172.849684     1000     1000
256.818000 4704589172.849684     1001     1001
256.924000 4704589172.849684     1002     1002
256.926000 4704589172.849684     1003     1003
256.948000 4704589172.849684     1004     1004
256.949000 4704589172.849684     1005     1005
261.102000 4704589172.849684     1006     1006
261.118000 4704589172.849684     1007     1007
261.120000 4704589172.849684     1008     1008
261.123000 4704589172.849684     1009     1009
261.126000 4704589172.849684     1010     1010
261.129000 4704589172.849684     1011     1011
261.132000 4704589172.849684     1012     1012
261.135000 4704589172.849684     1013     1013
261.348000 4704589172.849684     1014     1014
261.351000 4704589172.849684     1015     1015
261.354000 4704589172.849684     1016     1016
261.366000 4704589172.849684     1017     1017
261.369000 4704589172.849684     1018     1018
261.372000 4704589172.849684     1019     1019
261.383000 4704589172.849684     1020     1020
261.386000 4704589172.849684     1021     1021
261.580000 4704589172.849684     1022     1022
261.599000 4704589172.849684     1023     1023
261.602000 4704589172.849684     1024     1024
261.614000 4704589172.849684     1025     1025
261.616000 4704589172.849684     1026     1026
261.620000 4704589172.849684     1027     1027
261.623000 4704589172.849684     1028     1028
261.632000 4704589172.849684     1029     1029
261.829000 4704589172.849684     1030     1030
261.833000 4704589172.849684     1031     1031
261.850000 4704589172.849684     1032     1032
261.853000 4704589172.849684     1033     1033
261.858000 4704589172.849684     1034     1034
261.861000 4704589172.849684     1035     1035
261.864000 4704589172.849684     1036     1036
261.871000 4704589172.849684     1037     1037
262.077000 4704589172.849684     1038     1038
262.080000 4704589172.849684     1039     1039
262.098000 4704589172.849684     1040     1040
262.101000 4704589172.849684     1041     1041
262.106000 4704589172.849684     1042     1042
262.109000 4704589172.849684     1043     1043
262.117000 4704589172.849684     1044     1044
262.120000 4704589172.849684     1045     1045
262.325000 4704589172.849684     1046     1046
262.328000 4704589172.849684     1047     1047
262.333000 4704589172.849684     1048     1048
262.344000 4704589172.849684     1049     1049
262.347000 4704589172.849684     1050     1050
262.353000 4704589172.849684     1051     1051
262.375000 4704589172.849684     1052     1052
262.377000 4704589172.849684     1053     1053
262.556000 4704589172.849684     1054     1054
262.571000 4704589172.849684     1055     1055
262.578000 4704589172.849684     1056     1056
262.594000 4704589172.849684     1057     1057
262.597000 4704589172.849684     1058     1058
262.600000 4704589172.849684     1059     1059
262.614000 4704589172.849684     1060     1060
262.624000 4704589172.849684     1061     1061
262.725000 4704589172.849684     1062     1062
262.728000 4704589172.849684     1063     1063
262.731000 4704589172.849684     1064     1064
262.735000 4704589172.849684     1065     1065
266.627000 4704589172.849684     1066     1066
266.630000 4704589172.849684     1067     1067
266.632000 4704589172.849684     1068     1068
266.635000 4704589172.849684     1069     1069
266.638000 4704589172.849684     1070     1070
266.642000 4704589172.849684     1071     1071
266.645000 4704589172.849684     1072     1072
266.649000 4704589172.849684     1073     1073
266.849000 4704589172.849684     1074     1074
266.875000 4704589172.849684     1075     1075
266.877000 4704589172.849684     1076     1076
266.881000 4704589172.849684     1077     1077
266.884000 4704589172.849684     1078     1078
266.887000 4704589172.849684     1079     1079
266.893000 4704589172.849684     1080     1080
266.896000 4704589172.849684     1081     1081
267.087000 4704589172.849684     1082     1082
267.109000 4704589172.849684     1083     1083
267.111000 4704589172.849684     1084     1084
267.115000 4704589172.849684     1085     1085
267.130000 4704589172.849684     1086     1086
267.134000 4704589172.849684     1087     1087
267.146000 4704589172.849684     1088     1088
267.154000 4704589172.849684     1089     1089
267.323000 4704589172.849684     1090     1090
267.342000 4704589172.849684     1091     1091
267.362000 4704589172.849684     1092     1092
267.365000 4704589172.849684     1093     1093
267.376000 4704589172.849684     1094     1094
267.382000 4704589172.849684     1095     1095
267.392000 4704589172.849684     1096     1096
267.400000 4704589172.849684     1097     1097
267.559000 4704589172.849684     1098     1098
267.580000 4704589172.849684     1099     1099
267.610000 4704589172.849684     1100     1100
267.613000 4704589172.849684     1101     1101
267.623000 4704589172.849684     1102     1102
267.626000 4704589172.849684     1103     1103
267.639000 4704589172.849684     1104     1104
267.647000 4704589172.849684     1105     1105
267.804000 4704589172.849684     1106     1106
267.827000 4704589172.849684     1107     1107
267.852000 4704589172.849684     1108     1108
267.861000 4704589172.849684     1109     1109
267.868000 4704589172.849684     1110     1110
267.874000 4704589172.849684     1111     1111
267.886000 4704589172.849684     1112     1112
267.893000 4704589172.849684     1113     1113
268.050000 4704589172.849684     1114     1114
268.074000 4704589172.849684     1115     1115
268.102000 4704589172.849684     1116     1116
268.105000 4704589172.849684     1117     1117
268.116000 4704589172.849684     1118     1118
268.122000 4704589172.849684     1119     1119
268.133000 4704589172.849684     1120     1120
268.135000 4704589172.849684     1121     1121
268.235000 4704589172.849684     1122     1122
268.239000 4704589172.849684     1123     1123
268.257000 4704589172.849684     1124     1124
268.258000 4704589172.849684     1125     1125
272.330000 4704589172.849684     1126     1126
272.345000 4704589172.849684     1127     1127
272.346000 4704589172.849684     1128     1128
272.348000 4704589172.849684     1129     1129
272.351000 4704589172.849684     1130     1130
272.354000 4704589172.849684     1131     1131
272.357000 4704589172.849684     1132     1132
272.360000 4704589172.849684     1133     1133
272.576000 4704589172.849684     1134     1134
272.582000 4704589172.849684     1135     1135
272.595000 4704589172.849684     1136     1136
272.598000 4704589172.849684     1137     1137
272.601000 4704589172.849684     1138     1138
272.605000 4704589172.849684     1139     1139
272.608000 4704589172.849684     1140     1140
272.612000 4704589172.849684     1141     1141
272.816000 4704589172.849684     1142     1142
272.827000 4704589172.849684     1143     1143
272.830000 4704589172.849684     1144     1144
272.833000 4704589172.849684     1145     1145
272.836000 4704589172.849684     1146     1146
272.853000 4704589172.849684     1147     1147
272.855000 4704589172.849684     1148     1148
272.858000 4704589172.849684     1149     1149
273.052000 4704589172.849684     1150     1150
273.065000 4704589172.849684     1151     1151
273.071000 4704589172.849684     1152     1152
273.085000 4704589172.849684     1153     1153
273.088000 4704589172.849684     1154     1154
273.094000 4704589172.849684     1155     1155
273.102000 4704589172.849684     1156     1156
273.108000 4704589172.849684     1157     1157
273.291000 4704589172.849684     1158     1158
273.322000 4704589172.849684     1159     1159
273.325000 4704589172.849684     1160     1160
273.328000 4704589172.849684     1161     1161
273.337000 4704589172.849684     1162     1162
273.340000 4704589172.849684     1163     1163
273.342000 4704589172.849684     1164     1164
273.349000 4704589172.849684     1165     1165
273.540000 4704589172.849684     1166     1166
273.562000 4704589172.849684     1167     1167
273.567000 4704589172.849684     1168     1168
273.570000 4704589172.849684     1169     1169
273.586000 4704589172.849684     1170     1170
273.589000 4704589172.849684     1171     1171
273.592000 4704589172.849684     1172     1172
273.595000 4704589172.849684     1173     1173
273.786000 4704589172.849684     1174     1174
273.802000 4704589172.849684     1175     1175
273.817000 4704589172.849684     1176     1176
273.820000 4704589172.849684     1177     1177
273.827000 4704589172.849684     1178     1178
273.833000 4704589172.849684     1179     1179
273.840000 4704589172.849684     1180     1180
273.844000 4704589172.849684     1181     1181
273.966000 4704589172.849684     1182     1182
273.968000 4704589172.849684     1183     1183
273.973000 4704589172.849684     1184     1184
273.975000 4704589172.849684     1185     1185
278.587000 4704589172.849684     1186     1186
278.596000 4704589172.849684     1187     1187
278.600000 4704589172.849684     1188     1188
278.602000 4704589172.849684     1189     1189
278.606000 4704589172.849684     1190     1190
278.609000 4704589172.849684     1191     1191
278.612000 4704589172.849684     1192     1192
278.614000 4704589172.849684     1193     1193
278.812000 4704589172.849684     1194     1194
278.822000 4704589172.849684     1195     1195
278.831000 4704589172.849684     1196     1196
278.834000 4704589172.849684     1197     1197
278.840000 4704589172.849684     1198     1198
278.851000 4704589172.849684     1199     1199
278.862000 4704589172.849684     1200     1200
278.865000 4704589172.849684     1201     1201
279.059000 4704589172.849684     1202     1202
279.071000 4704589172.849684     1203     1203
279.079000 4704589172.849684     1204     1204
279.085000 4704589172.849684     1205     1205
279.088000 4704589172.849684     1206     1206
279.099000 4704589172.849684     1207     1207
279.103000 4704589172.849684     1208     1208
279.114000 4704589172.849684     1209     1209
279.298000 4704589172.849684     1210     1210
279.317000 4704589172.849684     1211     1211
279.330000 4704589172.849684     1212     1212
279.335000 4704589172.849684     1213     1213
279.338000 4704589172.849684     1214     1214
279.348000 4704589172.849684     1215     1215
279.352000 4704589172.849684     1216     1216
279.355000 4704589172.849684     1217     1217
279.546000 4704589172.849684     1218     1218
279.564000 4704589172.849684     1219     1219
279.579000 4704589172.849684     1220     1220
279.585000 4704589172.849684     1221     1221
279.588000 4704589172.849684     1222     1222
279.597000 4704589172.849684     1223     1223
279.600000 4704589172.849684     1224     1224
279.605000 4704589172.849684     1225     1225
279.794000 4704589172.849684     1226     1226
279.811000 4704589172.849684     1227     1227
279.820000 4704589172.849684     1228     1228
279.835000 4704589172.849684     1229     1229
279.838000 4704589172.849684     1230     1230
279.846000 4704589172.849684     1231     1231
279.848000 4704589172.849684     1232     1232
279.854000 4704589172.849684     1233     1233
280.042000 4704589172.849684     1234     1234
280.057000 4704589172.849684     1235     1235
280.069000 4704589172.849684     1236     1236
280.084000 4704589172.849684     1237     1237
280.097000 4704589172.849684     1238     1238
280.100000 4704589172.849684     1239     1239
280.103000 4704589172.849684     1240     1240
280.105000 4704589172.849684     1241     1241
280.225000 4704589172.849684     1242     1242
280.228000 4704589172.849684     1243     1243
280.230000 4704589172.849684     1244     1244
280.232000 4704589172.849684     1245     1245
284.459000 4704589172.849684     1246     1246
284.465000 4704589172.849684     1247     1247
284.468000 4704589172.849684     1248     1248
284.472000 4704589172.849684     1249     1249
284.475000 4704589172.849684     1250     1250
284.478000 4704589172.849684     1251     1251
284.481000 4704589172.849684     1252     1252
284.484000 4704589172.849684     1253     1253
284.682000 4704589172.849684     1254     1254
284.690000 4704589172.849684     1255     1255
284.693000 4704589172.849684     1256     1256
284.695000 4704589172.849684     1257     1257
284.698000 4704589172.849684     1258     1258
284.701000 4704589172.849684     1259     1259
284.725000 4704589172.849684     1260     1260
284.731000 4704589172.849684     1261     1261
284.927000 4704589172.849684     1262     1262
284.930000 4704589172.849684     1263     1263
284.933000 4704589172.849684     1264     1264
284.950000 4704589172.849684     1265     1265
284.953000 4704589172.849684     1266     1266
284.956000 4704589172.849684     1267     1267
284.962000 4704589172.849684     1268     1268
284.978000 4704589172.849684     1269     1269
285.176000 4704589172.849684     1270     1270
285.179000 4704589172.849684     1271     1271
285.182000 4704589172.849684     1272     1272
285.192000 4704589172.849684     1273     1273
285.196000 4704589172.849684     1274     1274
285.206000 4704589172.849684     1275     1275
285.208000 4704589172.849684     1276     1276
285.224000 4704589172.849684     1277     1277
285.422000 4704589172.849684     1278     1278
285.424000 4704589172.849684     1279     1279
285.429000 4704589172.849684     1280     1280
285.440000 4704589172.849684     1281     1281
285.443000 4704589172.849684     1282     1282
285.454000 4704589172.849684     1283     1283
285.457000 4704589172.849684     1284     1284
285.470000 4704589172.849684     1285     1285
285.656000 4704589172.849684     1286     1286
285.670000 4704589172.849684     1287     1287
285.673000 4704589172.849684     1288     1288
285.688000 4704589172.849684     1289     1289
285.692000 4704589172.849684     1290     1290
285.694000 4704589172.849684     1291     1291
285.706000 4704589172.849684     1292     1292
285.709000 4704589172.849684     1293     1293
285.904000 4704589172.849684     1294     1294
285.909000 4704589172.849684     1295     1295
285.916000 4704589172.849684     1296     1296
285.927000 4704589172.849684     1297     1297
285.939000 4704589172.849684     1298     1298
285.942000 4704589172.849684     1299     1299
285.954000 4704589172.849684     1300     1300
285.957000 4704589172.849684     1301     1301
286.066000 4704589172.849684     1302     1302
286.069000 4704589172.849684     1303     1303
286.071000 4704589172.849684     1304     1304
286.075000 4704589172.849684     1305     1305
291.046000 4704589172.849684     1306     1306
291.048000 4704589172.849684     1307     1307
291.051000 4704589172.849684     1308     1308
291.057000 4704589172.849684     1309     1309
291.059000 4704589172.849684     1310     1310
291.063000 4704589172.849684     1311     1311
291.066000 4704589172.849684     1312     1312
291.070000 4704589172.849684     1313     1313
291.283000 4704589172.849684     1314     1314
291.286000 4704589172.849684     1315     1315
291.295000 4704589172.849684     1316     1316
291.298000 4704589172.849684     1317     1317
291.302000 4704589172.849684     1318     1318
291.305000 4704589172.849684     1319     1319
291.308000 4704589172.849684     1320     1320
291.316000 4704589172.849684     1321     1321
291.513000 4704589172.849684     1322     1322
291.527000 4704589172.849684     1323     1323
291.530000 4704589172.849684     1324     1324
291.550000 4704589172.849684     1325     1325
291.553000 4704589172.849684     1326     1326
291.556000 4704589172.849684     1327     1327
291.559000 4704589172.849684     1328     1328
291.563000 4704589172.849684     1329     1329
291.760000 4704589172.849684     1330     1330
291.773000 4704589172.849684     1331     1331
291.775000 4704589172.849684     1332     1332
291.792000 4704589172.849684     1333     1333
291.795000 4704589172.849684     1334     1334
291.810000 4704589172.849684     1335     1335
291.813000 4704589172.849684     1336     1336
291.816000 4704589172.849684     1337     1337
292.010000 4704589172.849684     1338     1338
292.013000 4704589172.849684     1339     1339
292.030000 4704589172.849684     1340     1340
292.033000 4704589172.849684     1341     1341
292.037000 4704589172.849684     1342     1342
292.046000 4704589172.849684     1343     1343
292.057000 4704589172.849684     1344     1344
292.065000 4704589172.849684     1345     1345
292.254000 4704589172.849684     1346     1346
292.257000 4704589172.849684     1347     1347
292.269000 4704589172.849684     1348     1348
292.274000 4704589172.849684     1349     1349
292.286000 4704589172.849684     1350     1350
292.289000 4704589172.849684     1351     1351
292.301000 4704589172.849684     1352     1352
292.306000 4704589172.849684     1353     1353
292.496000 4704589172.849684     1354     1354
292.506000 4704589172.849684     1355     1355
292.509000 4704589172.849684     1356     1356
292.517000 4704589172.849684     1357     1357
292.535000 4704589172.849684     1358     1358
292.538000 4704589172.849684     1359     1359
292.550000 4704589172.849684     1360     1360
292.553000 4704589172.849684     1361     1361
292.657000 4704589172.849684     1362     1362
292.684000 4704589172.849684     1363     1363
292.685000 4704589172.849684     1364     1364
292.687000 4704589172.849684     1365     1365
297.447000 4704589172.849684     1366     1366
297.449000 4704589172.849684     1367     1367
297.452000 4704589172.849684     1368     1368
297.455000 4704589172.849684     1369     1369
297.458000 4704589172.849684     1370     1370
297.461000 4704589172.849684     1371     1371
297.464000 4704589172.849684     1372     1372
297.467000 4704589172.849684     1373     1373
297.678000 4704589172.849684     1374     1374
297.681000 4704589172.849684     1375     1375
297.684000 4704589172.849684     1376     1376
297.694000 4704589172.849684     1377     1377
297.697000 4704589172.849684     1378     1378
297.700000 4704589172.849684     1379     1379
297.719000 4704589172.849684     1380     1380
297.721000 4704589172.849684     1381     1381
297.903000 4704589172.849684     1382     1382
297.928000 4704589172.849684     1383     1383
297.933000 4704589172.849684     1384     1384
297.936000 4704589172.849684     1385     1385
297.939000 4704589172.849684     1386     1386
297.951000 4704589172.849684     1387     1387
297.955000 4704589172.849684     1388     1388
297.970000 4704589172.849684     1389     1389
298.150000 4704589172.849684     1390     1390
298.181000 4704589172.849684     1391     1391
298.184000 4704589172.849684     1392     1392
298.187000 4704589172.849684     1393     1393
298.190000 4704589172.849684     1394     1394
298.198000 4704589172.849684     1395     1395
298.200000 4704589172.849684     1396     1396
298.216000 4704589172.849684     1397     1397
298.397000 4704589172.849684     1398     1398
298.420000 4704589172.849684     1399     1399
298.436000 4704589172.849684     1400     1400
298.438000 4704589172.849684     1401     1401
298.443000 4704589172.849684     1402     1402
298.445000 4704589172.849684     1403     1403
298.449000 4704589172.849684     1404     1404
298.456000 4704589172.849684     1405     1405
298.640000 4704589172.849684     1406     1406
298.667000 4704589172.849684     1407     1407
298.672000 4704589172.849684     1408     1408
298.682000 4704589172.849684     1409     1409
298.686000 4704589172.849684     1410     1410
298.696000 4704589172.849684     1411     1411
298.699000 4704589172.849684     1412     1412
298.703000 4704589172.849684     1413     1413
298.888000 4704589172.849684     1414     1414
298.916000 4704589172.849684     1415     1415
298.920000 4704589172.849684     1416     1416
298.933000 4704589172.849684     1417     1417
298.936000 4704589172.849684     1418     1418
298.939000 4704589172.849684     1419     1419
298.946000 4704589172.849684     1420     1420
298.950000 4704589172.849684     1421     1421
299.060000 4704589172.849684     1422     1422
299.065000 4704589172.849684     1423     1423
299.066000 4704589172.849684     1424     1424
299.080000 4704589172.849684     1425     1425
303.961000 4704589172.849684     1426     1426
303.964000 4704589172.849684     1427     1427
303.967000 4704589172.849684     1428     1428
303.970000 4704589172.849684     1429     1429
303.974000 4704589172.849684     1430     1430
303.978000 4704589172.849684     1431     1431
303.981000 4704589172.849684     1432     1432
303.984000 4704589172.849684     1433     1433
304.189000 4704589172.849684     1434     1434
304.203000 4704589172.849684     1435     1435
304.206000 4704589172.849684     1436     1436
304.209000 4704589172.849684     1437     1437
304.212000 4704589172.849684     1438     1438
304.216000 4704589172.849684     1439     1439
304.228000 4704589172.849684     1440     1440
304.231000 4704589172.849684     1441     1441
304.415000 4704589172.849684     1442     1442
304.424000 4704589172.849684     1443     1443
304.439000 4704589172.849684     1444     1444
304.445000 4704589172.849684     1445     1445
304.448000 4704589172.849684     1446     1446
304.469000 4704589172.849684     1447     1447
304.474000 4704589172.849684     1448     1448
304.481000 4704589172.849684     1449     1449
304.654000 4704589172.849684     1450     1450
304.666000 4704589172.849684     1451     1451
304.681000 4704589172.849684     1452     1452
304.686000 4704589172.849684     1453     1453
304.693000 4704589172.849684     1454     1454
304.712000 4704589172.849684     1455     1455
304.721000 4704589172.849684     1456     1456
304.723000 4704589172.849684     1457     1457
304.900000 4704589172.849684     1458     1458
304.912000 4704589172.849684     1459     1459
304.921000 4704589172.849684     1460     1460
304.926000 4704589172.849684     1461     1461
304.939000 4704589172.849684     1462     1462
304.960000 4704589172.849684     1463     1463
304.963000 4704589172.849684     1464     1464
304.970000 4704589172.849684     1465     1465
305.145000 4704589172.849684     1466     1466
305.152000 4704589172.849684     1467     1467
305.169000 4704589172.849684     1468     1468
305.172000 4704589172.849684     1469     1469
305.187000 4704589172.849684     1470     1470
305.210000 4704589172.849684     1471     1471
305.213000 4704589172.849684     1472     1472
305.217000 4704589172.849684     1473     1473
305.382000 4704589172.849684     1474     1474
305.400000 4704589172.849684     1475     1475
305.416000 4704589172.849684     1476     1476
305.419000 4704589172.849684     1477     1477
305.428000 4704589172.849684     1478     1478
305.453000 4704589172.849684     1479     1479
305.463000 4704589172.849684     1480     1480
305.465000 4704589172.849684     1481     1481
305.556000 4704589172.849684     1482     1482
305.576000 4704589172.849684     1483     1483
305.577000 4704589172.849684     1484     1484
305.586000 4704589172.849684     1485     1485
311.111000 4704589172.849684     1486     1486
311.120000 4704589172.849684     1487     1487
311.123000 4704589172.849684     1488     1488
311.127000 4704589172.849684     1489     1489
311.130000 4704589172.849684     1490     1490
311.133000 4704589172.849684     1491     1491
311.137000 4704589172.849684     1492     1492
311.140000 4704589172.849684     1493     1493
311.357000 4704589172.849684     1494     1494
311.359000 4704589172.849684     1495     1495
311.362000 4704589172.849684     1496     1496
311.365000 4704589172.849684     1497     1497
311.368000 4704589172.849684     1498     1498
311.371000 4704589172.849684     1499     1499
311.380000 4704589172.849684     1500     1500
311.382000 4704589172.849684     1501     1501
311.600000 4704589172.849684     1502     1502
311.603000 4704589172.849684     1503     1503
311.607000 4704589172.849684     1504     1504
311.610000 4704589172.849684     1505     1505
311.612000 4704589172.849684     1506     1506
311.624000 4704589172.849684     1507     1507
311.628000 4704589172.849684     1508     1508
311.631000 4704589172.849684     1509     1509
311.820000 4704589172.849684     1510     1510
311.850000 4704589172.849684     1511     1511
311.855000 4704589172.849684     1512     1512
311.858000 4704589172.849684     1513     1513
311.863000 4704589172.849684     1514     1514
311.872000 4704589172.849684     1515     1515
311.877000 4704589172.849684     1516     1516
311.884000 4704589172.849684     1517     1517
312.073000 4704589172.849684     1518     1518
312.089000 4704589172.849684     1519     1519
312.108000 4704589172.849684     1520     1520
312.110000 4704589172.849684     1521     1521
312.114000 4704589172.849684     1522     1522
312.118000 4704589172.849684     1523     1523
312.126000 4704589172.849684     1524     1524
312.131000 4704589172.849684     1525     1525
312.308000 4704589172.849684     1526     1526
312.331000 4704589172.849684     1527     1527
312.335000 4704589172.849684     1528     1528
312.361000 4704589172.849684     1529     1529
312.364000 4704589172.849684     1530     1530
312.367000 4704589172.849684     1531     1531
312.373000 4704589172.849684     1532     1532
312.377000 4704589172.849684     1533     1533
312.555000 4704589172.849684     1534     1534
312.579000 4704589172.849684     1535     1535
312.584000 4704589172.849684     1536     1536
312.600000 4704589172.849684     1537     1537
312.612000 4704589172.849684     1538     1538
312.615000 4704589172.849684     1539     1539
312.622000 4704589172.849684     1540     1540
312.624000 4704589172.849684     1541     1541
312.719000 4704589172.849684     1542     1542
312.752000 4704589172.849684     1543     1543
312.756000 4704589172.849684     1544     1544
312.757000 4704589172.849684     1545     1545
317.797000 4704589172.849684     1546     1546
317.812000 4704589172.849684     1547     1547
317.814000 4704589172.849684     1548     1548
317.817000 4704589172.849684     1549     1549
317.821000 4704589172.849684     1550     1550
317.825000 4704589172.849684     1551     1551
317.829000 4704589172.849684     1552     1552
317.832000 4704589172.849684     1553     1553
318.050000 4704589172.849684     1554     1554
318.053000 4704589172.849684     1555     1555
318.056000 4704589172.849684     1556     1556
318.058000 4704589172.849684     1557     1557
318.060000 4704589172.849684     1558     1558
318.063000 4704589172.849684     1559     1559
318.066000 4704589172.849684     1560     1560
318.080000 4704589172.849684     1561     1561
318.261000 4704589172.849684     1562     1562
318.293000 4704589172.849684     1563     1563
318.297000 4704589172.849684     1564     1564
318.301000 4704589172.849684     1565     1565
318.307000 4704589172.849684     1566     1566
318.313000 4704589172.849684     1567     1567
318.316000 4704589172.849684     1568     1568
318.326000 4704589172.849684     1569     1569
318.508000 4704589172.849684     1570     1570
318.542000 4704589172.849684     1571     1571
318.547000 4704589172.849684     1572     1572
318.550000 4704589172.849684     1573     1573
318.554000 4704589172.849684     1574     1574
318.557000 4704589172.849684     1575     1575
318.564000 4704589172.849684     1576     1576
318.571000 4704589172.849684     1577     1577
318.754000 4704589172.849684     1578     1578
318.778000 4704589172.849684     1579     1579
318.796000 4704589172.849684     1580     1580
318.799000 4704589172.849684     1581     1581
318.802000 4704589172.849684     1582     1582
318.805000 4704589172.849684     1583     1583
318.810000 4704589172.849684     1584     1584
318.815000 4704589172.849684     1585     1585
318.997000 4704589172.849684     1586     1586
319.018000 4704589172.849684     1587     1587
319.036000 4704589172.849684     1588     1588
319.039000 4704589172.849684     1589     1589
319.052000 4704589172.849684     1590     1590
319.055000 4704589172.849684     1591     1591
319.057000 4704589172.849684     1592     1592
319.060000 4704589172.849684     1593     1593
319.237000 4704589172.849684     1594     1594
319.266000 4704589172.849684     1595     1595
319.281000 4704589172.849684     1596     1596
319.290000 4704589172.849684     1597     1597
319.301000 4704589172.849684     1598     1598
319.304000 4704589172.849684     1599     1599
319.307000 4704589172.849684     1600     1600
319.310000 4704589172.849684     1601     1601
319.408000 4704589172.849684     1602     1602
319.437000 4704589172.849684     1603     1603
319.439000 4704589172.849684     1604     1604
319.447000 4704589172.849684     1605     1605
325.186000 4704589172.849684     1606     1606
325.194000 4704589172.849684     1607     1607
325.197000 4704589172.849684     1608     1608
325.200000 4704589172.849684     1609     1609
325.204000 4704589172.849684     1610     1610
325.207000 4704589172.849684     1611     1611
325.211000 4704589172.849684     1612     1612
325.214000 4704589172.849684     1613     1613
325.418000 4704589172.849684     1614     1614
325.421000 4704589172.849684     1615     1615
325.426000 4704589172.849684     1616     1616
325.429000 4704589172.849684     1617     1617
325.432000 4704589172.849684     1618     1618
325.437000 4704589172.849684     1619     1619
325.440000 4704589172.849684     1620     1620
325.454000 4704589172.849684     1621     1621
325.662000 4704589172.849684     1622     1622
325.670000 4704589172.849684     1623     1623
325.673000 4704589172.849684     1624     1624
325.676000 4704589172.849684     1625     1625
325.681000 4704589172.849684     1626     1626
325.688000 4704589172.849684     1627     1627
325.691000 4704589172.849684     1628     1628
325.694000 4704589172.849684     1629     1629
325.906000 4704589172.849684     1630     1630
325.916000 4704589172.849684     1631     1631
325.924000 4704589172.849684     1632     1632
325.928000 4704589172.849684     1633     1633
325.932000 4704589172.849684     1634     1634
325.934000 4704589172.849684     1635     1635
325.939000 4704589172.849684     1636     1636
325.943000 4704589172.849684     1637     1637
326.143000 4704589172.849684     1638     1638
326.156000 4704589172.849684     1639     1639
326.170000 4704589172.849684     1640     1640
326.177000 4704589172.849684     1641     1641
326.180000 4704589172.849684     1642     1642
326.188000 4704589172.849684     1643     1643
326.191000 4704589172.849684     1644     1644
326.194000 4704589172.849684     1645     1645
326.392000 4704589172.849684     1646     1646
326.407000 4704589172.849684     1647     1647
326.410000 4704589172.849684     1648     1648
326.416000 4704589172.849684     1649     1649
326.420000 4704589172.849684     1650     1650
326.427000 4704589172.849684     1651     1651
326.436000 4704589172.849684     1652     1652
326.440000 4704589172.849684     1653     1653
326.633000 4704589172.849684     1654     1654
326.647000 4704589172.849684     1655     1655
326.659000 4704589172.849684     1656     1656
326.663000 4704589172.849684     1657     1657
326.668000 4704589172.849684     1658     1658
326.674000 4704589172.849684     1659     1659
326.680000 4704589172.849684     1660     1660
326.688000 4704589172.849684     1661     1661
326.806000 4704589172.849684     1662     1662
326.808000 4704589172.849684     1663     1663
326.810000 4704589172.849684     1664     1664
326.820000 4704589172.849684     1665     1665
332.489000 4704589172.849684     1666     1666
332.492000 4704589172.849684     1667     1667
332.494000 4704589172.849684     1668     1668
332.497000 4704589172.849684     1669     1669
332.500000 4704589172.849684     1670     1670
332.504000 4704589172.849684     1671     1671
332.507000 4704589172.849684     1672     1672
332.510000 4704589172.849684     1673     1673
332.717000 4704589172.849684     1674     1674
332.720000 4704589172.849684     1675     1675
332.726000 4704589172.849684     1676     1676
332.729000 4704589172.849684     1677     1677
332.732000 4704589172.849684     1678     1678
332.737000 4704589172.849684     1679     1679
332.754000 4704589172.849684     1680     1680
332.770000 4704589172.849684     1681     1681
332.954000 4704589172.849684     1682     1682
332.968000 4704589172.849684     1683     1683
332.971000 4704589172.849684     1684     1684
332.980000 4704589172.849684     1685     1685
332.983000 4704589172.849684     1686     1686
332.987000 4704589172.849684     1687     1687
332.992000 4704589172.849684     1688     1688
333.019000 4704589172.849684     1689     1689
333.195000 4704589172.849684     1690     1690
333.210000 4704589172.849684     1691     1691
333.213000 4704589172.849684     1692     1692
333.233000 4704589172.849684     1693     1693
333.236000 4704589172.849684     1694     1694
333.239000 4704589172.849684     1695     1695
333.242000 4704589172.849684     1696     1696
333.266000 4704589172.849684     1697     1697
333.439000 4704589172.849684     1698     1698
333.457000 4704589172.849684     1699     1699
333.460000 4704589172.849684     1700     1700
333.472000 4704589172.849684     1701     1701
333.488000 4704589172.849684     1702     1702
333.491000 4704589172.849684     1703     1703
333.494000 4704589172.849684     1704     1704
333.507000 4704589172.849684     1705     1705
333.685000 4704589172.849684     1706     1706
333.692000 4704589172.849684     1707     1707
333.718000 4704589172.849684     1708     1708
333.721000 4704589172.849684     1709     1709
333.740000 4704589172.849684     1710     1710
333.742000 4704589172.849684     1711     1711
333.746000 4704589172.849684     1712     1712
333.750000 4704589172.849684     1713     1713
333.933000 4704589172.849684     1714     1714
333.936000 4704589172.849684     1715     1715
333.964000 4704589172.849684     1716     1716
333.967000 4704589172.849684     1717     1717
333.977000 4704589172.849684     1718     1718
333.980000 4704589172.849684     1719     1719
333.989000 4704589172.849684     1720     1720
333.991000 4704589172.849684     1721     1721
334.113000 4704589172.849684     1722     1722
334.124000 4704589172.849684     1723     1723
334.135000 4704589172.849684     1724     1724
334.136000 4704589172.849684     1725     1725
341.115000 4704589172.849684     1726     1726
341.585000 4704589172.849684     1727     1727
341.687000 4704589172.849684     1728     1728
341.690000 4704589172.849684     1729     1729
341.703000 4704589172.849684     1730     1730
341.706000 4704589172.849684     1731     1731
341.709000 4704589172.849684     1732     1732
341.711000 4704589172.849684     1733     1733
341.721000 4704589172.849684     1734     1734
341.743000 4704589172.849684     1735     1735
341.747000 4704589172.849684     1736     1736
341.757000 4704589172.849684     1737     1737
341.761000 4704589172.849684     1738     1738
341.768000 4704589172.849684     1739     1739
341.787000 4704589172.849684     1740     1740
342.009000 4704589172.849684     1741     1741
342.013000 4704589172.849684     1742     1742
342.017000 4704589172.849684     1743     1743
342.026000 4704589172.849684     1744     1744
342.032000 4704589172.849684     1745     1745
342.037000 4704589172.849684     1746     1746
342.042000 4704589172.849684     1747     1747
342.049000 4704589172.849684     1748     1748
342.229000 4704589172.849684     1749     1749
342.262000 4704589172.849684     1750     1750
342.266000 4704589172.849684     1751     1751
342.271000 4704589172.849684     1752     1752
342.275000 4704589172.849684     1753     1753
342.280000 4704589172.849684     1754     1754
342.283000 4704589172.849684     1755     1755
342.299000 4704589172.849684     1756     1756
342.510000 4704589172.849684     1757     1757
342.513000 4704589172.849684     1758     1758
342.516000 4704589172.849684     1759     1759
342.528000 4704589172.849684     1760     1760
342.530000 4704589172.849684     1761     1761
342.544000 4704589172.849684     1762     1762
342.547000 4704589172.849684     1763     1763
342.550000 4704589172.849684     1764     1764
342.726000 4704589172.849684     1765     1765
342.766000 4704589172.849684     1766     1766
342.775000 4704589172.849684     1767     1767
342.778000 4704589172.849684     1768     1768
342.794000 4704589172.849684     1769     1769
342.798000 4704589172.849684     1770     1770
342.804000 4704589172.849684     1771     1771
342.807000 4704589172.849684     1772     1772
343.004000 4704589172.849684     1773     1773
343.018000 4704589172.849684     1774     1774
343.021000 4704589172.849684     1775     1775
343.028000 4704589172.849684     1776     1776
343.033000 4704589172.849684     1777     1777
343.035000 4704589172.849684     1778     1778
343.038000 4704589172.849684     1779     1779
343.054000 4704589172.849684     1780     1780
343.164000 4704589172.849684     1781     1781
343.168000 4704589172.849684     1782     1782
343.227000 4704589172.849684     1783     1783
343.228000 4704589172.849684     1784     1784
343.231000 4704589172.849684     1785     1785
353.428000 4704589172.849684     1786     1786
353.940000 4704589172.849684     1787     1787
353.968000 4704589172.849684     1788     1788
353.975000 4704589172.849684     1789     1789
354.001000 4704589172.849684     1790     1790
354.008000 4704589172.849684     1791     1791
354.033000 4704589172.849684     1792     1792
354.046000 4704589172.849684     1793     1793
354.056000 4704589172.849684     1794     1794
354.059000 4704589172.849684     1795     1795
354.098000 4704589172.849684     1796     1796
354.101000 4704589172.849684     1797     1797
354.122000 4704589172.849684     1798     1798
354.125000 4704589172.849684     1799     1799
354.191000 4704589172.849684     1800     1800
354.331000 4704589172.849684     1801     1801
354.355000 4704589172.849684     1802     1802
354.358000 4704589172.849684     1803     1803
354.378000 4704589172.849684     1804     1804
354.383000 4704589172.849684     1805     1805
354.392000 4704589172.849684     1806     1806
354.395000 4704589172.849684     1807     1807
354.454000 4704589172.849684     1808     1808
354.510000 4704589172.849684     1809     1809
354.522000 4704589172.849684     1810     1810
354.564000 4704589172.849684     1811     1811
354.585000 4704589172.849684     1812     1812
354.609000 4704589172.849684     1813     1813
354.679000 4704589172.849684     1814     1814
354.682000 4704589172.849684     1815     1815
354.732000 4704589172.849684     1816     1816
354.741000 4704589172.849684     1817     1817
354.797000 4704589172.849684     1818     1818
354.800000 4704589172.849684     1819     1819
354.847000 4704589172.849684     1820     1820
354.850000 4704589172.849684     1821     1821
354.925000 4704589172.849684     1822     1822
354.927000 4704589172.849684     1823     1823
354.961000 4704589172.849684     1824     1824
355.015000 4704589172.849684     1825     1825
355.039000 4704589172.849684     1826     1826
355.055000 4704589172.849684     1827     1827
355.061000 4704589172.849684     1828     1828
355.106000 4704589172.849684     1829     1829
355.162000 4704589172.849684     1830     1830
355.167000 4704589172.849684     1831     1831
355.219000 4704589172.849684     1832     1832
355.260000 4704589172.849684     1833     1833
355.293000 4704589172.849684     1834     1834
355.297000 4704589172.849684     1835     1835
355.317000 4704589172.849684     1836     1836
355.353000 4704589172.849684     1837     1837
355.402000 4704589172.849684     1838     1838
355.410000 4704589172.849684     1839     1839
355.454000 4704589172.849684     1840     1840
355.473000 4704589172.849684     1841     1841
355.532000 4704589172.849684     1842     1842
355.551000 4704589172.849684     1843     1843
355.582000 4704589172.849684     1844     1844
355.604000 4704589172.849684     1845     1845
437.932000 4704589172.849684     1846     1846
438.264000 4704589172.849684     1847     1847
438.301000 4704589172.849684     1848     1848
438.526000 4704589172.849684     1849     1849
438.533000 4704589172.849684     1850     1850
439.178000 4704589172.849684     1851     1851
439.205000 4704589172.849684     1852     1852
439.282000 4704589172.849684     1853     1853
439.309000 4704589172.849684     1854     1854
439.479000 4704589172.849684     1855     1855
439.493000 4704589172.849684     1856     1856
439.552000 4704589172.849684     1857     1857
439.600000 4704589172.849684     1858     1858
440.308000 4704589172.849684     1859     1859
440.379000 4704589172.849684     1860     1860
440.448000 4704589172.849684     1861     1861
440.503000 4704589172.849684     1862     1862
440.793000 4704589172.849684     1863     1863
440.866000 4704589172.849684     1864     1864
441.016000 4704589172.849684     1865     1865
441.057000 4704589172.849684     1866     1866
441.134000 4704589172.849684     1867     1867
441.237000 4704589172.849684     1868     1868
441.507000 4704589172.849684     1869     1869
441.589000 4704589172.849684     1870     1870
441.732000 4704589172.849684     1871     1871
441.842000 4704589172.849684     1872     1872
441.928000 4704589172.849684     1873     1873
441.982000 4704589172.849684     1874     1874
442.030000 4704589172.849684     1875     1875
442.072000 4704589172.849684     1876     1876
442.261000 4704589172.849684     1877     1877
442.344000 4704589172.849684     1878     1878
442.419000 4704589172.849684     1879     1879
442.467000 4704589172.849684     1880     1880
442.551000 4704589172.849684     1881     1881
442.616000 4704589172.849684     1882     1882
442.702000 4704589172.849684     1883     1883
442.740000 4704589172.849684     1884     1884
442.763000 4704589172.849684     1885     1885
442.820000 4704589172.849684     1886     1886
442.891000 4704589172.849684     1887     1887
442.954000 4704589172.849684     1888     1888
443.051000 4704589172.849684     1889     1889
443.131000 4704589172.849684     1890     1890
443.202000 4704589172.849684     1891     1891
443.310000 4704589172.849684     1892     1892
443.584000 4704589172.849684     1893     1893
443.674000 4704589172.849684     1894     1894
443.749000 4704589172.849684     1895     1895
444.039000 4704589172.849684     1896     1896
444.357000 4704589172.849684     1897     1897
444.401000 4704589172.849684     1898     1898
444.481000 4704589172.849684     1899     1899
444.544000 4704589172.849684     1900     1900
444.832000 4704589172.849684     1901     1901
444.894000 4704589172.849684     1902     1902
444.979000 4704589172.849684     1903     1903
445.052000 4704589172.849684     1904     1904
445.147000 4704589172.849684     1905     1905
455.903000 4704589172.849684     1906     1906
456.531000 4704589172.849684     1907     1907
456.694000 4704589172.849684     1908     1908
457.075000 4704589172.849684     1909     1909
457.183000 4704589172.849684     1910     1910
457.355000 4704589172.849684     1911     1911
457.402000 4704589172.849684     1912     1912
457.674000 4704589172.849684     1913     1913
457.729000 4704589172.849684     1914     1914
457.965000 4704589172.849684     1915     1915
458.020000 4704589172.849684     1916     1916
458.142000 4704589172.849684     1917     1917
458.184000 4704589172.849684     1918     1918
458.371000 4704589172.849684     1919     1919
458.451000 4704589172.849684     1920     1920
458.751000 4704589172.849684     1921     1921
458.807000 4704589172.849684     1922     1922
458.904000 4704589172.849684     1923     1923
458.963000 4704589172.849684     1924     1924
459.378000 4704589172.849684     1925     1925
459.465000 4704589172.849684     1926     1926
459.551000 4704589172.849684     1927     1927
459.585000 4704589172.849684     1928     1928
459.814000 4704589172.849684     1929     1929
459.884000 4704589172.849684     1930     1930
459.962000 4704589172.849684     1931     1931
460.233000 4704589172.849684     1932     1932
461.189000 4704589172.849684     1933     1933
461.253000 4704589172.849684     1934     1934
461.255000 4704589172.849684     1935     1935
461.293000 4704589172.849684     1936     1936
461.396000 4704589172.849684     1937     1937
461.398000 4704589172.849684     1938     1938
461.401000 4704589172.849684     1939     1939
461.403000 4704589172.849684     1940     1940
461.854000 4704589172.849684     1941     1941
461.860000 4704589172.849684     1942     1942
461.972000 4704589172.849684     1943     1943
461.975000 4704589172.849684     1944     1944
461.979000 4704589172.849684     1945     1945
461.982000 4704589172.849684     1946     1946
461.985000 4704589172.849684     1947     1947
462.154000 4704589172.849684     1948     1948
462.157000 4704589172.849684     1949     1949
462.220000 4704589172.849684     1950     1950
462.303000 4704589172.849684     1951     1951
462.306000 4704589172.849684     1952     1952
462.308000 4704589172.849684     1953     1953
462.311000 4704589172.849684     1954     1954
462.447000 4704589172.849684     1955     1955
462.450000 4704589172.849684     1956     1956
462.453000 4704589172.849684     1957     1957
462.456000 4704589172.849684     1958     1958
462.586000 4704589172.849684     1959     1959
462.589000 4704589172.849684     1960     1960
462.591000 4704589172.849684     1961     1961
462.594000 4704589172.849684     1962     1962
462.903000 4704589172.849684     1963     1963
462.908000 4704589172.849684     1964     1964
462.913000 4704589172.849684     1965     1965
471.236000 4704589172.849684     1966     1966
472.221000 4704589172.849684     1967     1967
472.225000 4704589172.849684     1968     1968
472.226000 4704589172.849684     1969     1969
472.228000 4704589172.849684     1970     1970
472.755000 4704589172.849684     1971     1971
472.762000 4704589172.849684     1972     1972
472.768000 4704589172.849684     1973     1973
472.775000 4704589172.849684     1974     1974
472.780000 4704589172.849684     1975     1975
472.781000 4704589172.849684     1976     1976
472.783000 4704589172.849684     1977     1977
472.786000 4704589172.849684     1978     1978
472.792000 4704589172.849684     1979     1979
472.796000 4704589172.849684     1980     1980
473.015000 4704589172.849684     1981     1981
473.027000 4704589172.849684     1982     1982
473.031000 4704589172.849684     1983     1983
473.042000 4704589172.849684     1984     1984
473.045000 4704589172.849684     1985     1985
473.048000 4704589172.849684     1986     1986
473.051000 4704589172.849684     1987     1987
473.055000 4704589172.849684     1988     1988
473.253000 4704589172.849684     1989     1989
473.256000 4704589172.849684     1990     1990
473.269000 4704589172.849684     1991     1991
473.272000 4704589172.849684     1992     1992
473.276000 4704589172.849684     1993     1993
473.283000 4704589172.849684     1994     1994
473.303000 4704589172.849684     1995     1995
473.306000 4704589172.849684     1996     1996
473.501000 4704589172.849684     1997     1997
473.504000 4704589172.849684     1998     1998
473.514000 4704589172.849684     1999     1999
473.521000 4704589172.849684     2000     2000
473.524000 4704589172.849684     2001     2001
473.531000 4704589172.849684     2002     2002
473.536000 4704589172.849684     2003     2003
473.554000 4704589172.849684     2004     2004
473.737000 4704589172.849684     2005     2005
473.752000 4704589172.849684     2006     2006
473.755000 4704589172.849684     2007     2007
473.768000 4704589172.849684     2008     2008
473.772000 4704589172.849684     2009     2009
473.813000 4704589172.849684     2010     2010
473.815000 4704589172.849684     2011     2011
473.818000 4704589172.849684     2012     2012
473.958000 4704589172.849684     2013     2013
473.973000 4704589172.849684     2014     2014
473.975000 4704589172.849684     2015     2015
473.986000 4704589172.849684     2016     2016
474.043000 4704589172.849684     2017     2017
474.053000 4704589172.849684     2018     2018
474.063000 4704589172.849684     2019     2019
474.065000 4704589172.849684     2020     2020
474.145000 4704589172.849684     2021     2021
474.184000 4704589172.849684     2022     2022
474.186000 4704589172.849684     2023     2023
474.214000 4704589172.849684     2024     2024
474.216000 4704589172.849684     2025     2025
